Ip  = 0.0079;      
Mc  = 0.7031;      
Mp  = 0.23;       
lp  = 0.3302;    
Beq = 4.3;        
Bp  = 0.0024;      
g   = 9.81;