Ip  = 0.2;      
Mc  = 0.2;      
Mp  = 0.1;       
lp  = 0.3;    
Beq = 0.25;        
Bp  = 0.2;      
g   = 9.81;
